{
 "cells": [
  {
   "cell_type": "code",
   "execution_count": 7,
   "metadata": {},
   "outputs": [
    {
     "name": "stdout",
     "output_type": "stream",
     "text": [
      "Extracting MNIST-data/train-images-idx3-ubyte.gz\n",
      "Extracting MNIST-data/train-labels-idx1-ubyte.gz\n",
      "Extracting MNIST-data/t10k-images-idx3-ubyte.gz\n",
      "Extracting MNIST-data/t10k-labels-idx1-ubyte.gz\n",
      "INFO:tensorflow:Using default config.\n",
      "INFO:tensorflow:Using config: {'_save_checkpoints_secs': 600, '_session_config': None, '_keep_checkpoint_max': 5, '_task_type': 'worker', '_global_id_in_cluster': 0, '_is_chief': True, '_cluster_spec': <tensorflow.python.training.server_lib.ClusterSpec object at 0x7f74a39e6390>, '_evaluation_master': '', '_save_checkpoints_steps': None, '_keep_checkpoint_every_n_hours': 10000, '_service': None, '_num_ps_replicas': 0, '_tf_random_seed': None, '_master': '', '_device_fn': None, '_num_worker_replicas': 1, '_task_id': 0, '_log_step_count_steps': 100, '_model_dir': '/tmp/mnist_convnet_model', '_train_distribute': None, '_save_summary_steps': 100}\n",
      "INFO:tensorflow:Calling model_fn.\n",
      "INFO:tensorflow:Done calling model_fn.\n",
      "INFO:tensorflow:Create CheckpointSaverHook.\n",
      "INFO:tensorflow:Graph was finalized.\n",
      "INFO:tensorflow:Restoring parameters from /tmp/mnist_convnet_model/model.ckpt-3098\n",
      "INFO:tensorflow:Running local_init_op.\n",
      "INFO:tensorflow:Done running local_init_op.\n",
      "INFO:tensorflow:Saving checkpoints for 3098 into /tmp/mnist_convnet_model/model.ckpt.\n",
      "INFO:tensorflow:probabilities = [[0.7625988  0.00020263 0.01282925 0.00358    0.00011103 0.19766419\n",
      "  0.00311017 0.00432955 0.0148227  0.00075169]\n",
      " [0.09008893 0.00024574 0.01438882 0.02367851 0.05559767 0.3377947\n",
      "  0.37019014 0.00591607 0.08842098 0.01367844]\n",
      " [0.01464417 0.21153958 0.01382216 0.16101556 0.00114009 0.39792812\n",
      "  0.09700644 0.00214978 0.09740444 0.00334967]\n",
      " [0.99801683 0.00000005 0.00014396 0.00011962 0.00000069 0.00130081\n",
      "  0.0000219  0.00031789 0.00002764 0.00005063]\n",
      " [0.9983278  0.         0.00005367 0.00075661 0.00000044 0.00080167\n",
      "  0.00002475 0.00001086 0.00001618 0.00000797]\n",
      " [0.9915975  0.00000005 0.00533011 0.00084388 0.00000013 0.00147765\n",
      "  0.00010952 0.00014164 0.00048894 0.00001057]\n",
      " [0.00561655 0.09152468 0.00966473 0.08788153 0.00095477 0.01189844\n",
      "  0.00025553 0.5837355  0.05420075 0.15426748]\n",
      " [0.01592867 0.00037444 0.85074943 0.01286934 0.00070621 0.00756978\n",
      "  0.09066539 0.00000191 0.02099608 0.00013876]\n",
      " [0.00025296 0.00000005 0.00431767 0.00008039 0.00100314 0.00139669\n",
      "  0.97860754 0.00000067 0.0143257  0.00001522]\n",
      " [0.00392368 0.00530865 0.03143819 0.00426301 0.1132884  0.01498737\n",
      "  0.01016584 0.06430193 0.03464292 0.71768   ]\n",
      " [0.00038026 0.00006643 0.00574655 0.9902034  0.00000664 0.00214251\n",
      "  0.00008262 0.00033669 0.00085238 0.00018263]\n",
      " [0.00002938 0.9839797  0.00167791 0.0034501  0.00060239 0.00086256\n",
      "  0.00045352 0.00213381 0.00398601 0.00282456]\n",
      " [0.01494245 0.00134397 0.00331089 0.01815618 0.0141644  0.03276337\n",
      "  0.804944   0.00005665 0.10803025 0.00228782]\n",
      " [0.00174314 0.88774925 0.01318894 0.01046813 0.00340628 0.02321046\n",
      "  0.00755035 0.00638534 0.0396028  0.00669538]\n",
      " [0.00076232 0.00000129 0.02741498 0.00004561 0.00053087 0.00918298\n",
      "  0.949952   0.00000005 0.01205457 0.00005527]\n",
      " [0.000166   0.0000426  0.03206544 0.00017899 0.01972476 0.00163729\n",
      "  0.9449461  0.00008709 0.00064511 0.00050655]\n",
      " [0.00032154 0.00005025 0.00037634 0.00030884 0.8435761  0.0009805\n",
      "  0.01869309 0.00306612 0.00469219 0.12793516]\n",
      " [0.09863073 0.00000251 0.00008361 0.00226349 0.00463369 0.0069244\n",
      "  0.00004943 0.3916648  0.00585623 0.48989114]\n",
      " [0.00042457 0.00257331 0.04477284 0.53705865 0.05075517 0.00375302\n",
      "  0.00145026 0.04320071 0.17548317 0.14052832]\n",
      " [0.00924774 0.00001498 0.00043307 0.00022547 0.8704256  0.00478324\n",
      "  0.01584035 0.01878446 0.00284709 0.07739796]\n",
      " [0.00070399 0.00028119 0.00007637 0.00889209 0.00735222 0.01824507\n",
      "  0.00010457 0.9222207  0.00900845 0.03311534]\n",
      " [0.00545619 0.6562447  0.03819698 0.0662912  0.01703424 0.05329329\n",
      "  0.02144617 0.02047566 0.10665409 0.01490763]\n",
      " [0.00176657 0.00001059 0.00003723 0.00041843 0.00141045 0.00247299\n",
      "  0.0000498  0.90206295 0.00117239 0.09059857]\n",
      " [0.00043206 0.00026501 0.02390168 0.00012546 0.00260612 0.00090154\n",
      "  0.97074145 0.00000634 0.00076434 0.00025597]\n",
      " [0.00187829 0.00019004 0.00067976 0.00436079 0.14348707 0.00158919\n",
      "  0.001058   0.03674793 0.01997056 0.79003835]\n",
      " [0.04300343 0.00381804 0.05104355 0.5401198  0.00032913 0.23699489\n",
      "  0.0050398  0.04451156 0.06239    0.01274972]\n",
      " [0.8906684  0.00001256 0.00238902 0.00017449 0.00017061 0.02794415\n",
      "  0.07447693 0.00009282 0.00371148 0.00035952]\n",
      " [0.02256296 0.00008329 0.00315734 0.02180827 0.00790345 0.7637716\n",
      "  0.0618992  0.00049888 0.10280969 0.0155054 ]\n",
      " [0.01384564 0.00940028 0.01466082 0.11116533 0.01119603 0.17080659\n",
      "  0.01403561 0.02917208 0.59588724 0.02983033]\n",
      " [0.00264368 0.00039495 0.01915822 0.00075893 0.06809221 0.00228829\n",
      "  0.00175867 0.00636932 0.02587713 0.8726586 ]\n",
      " [0.01912753 0.00089588 0.00526084 0.1391901  0.01126509 0.4237146\n",
      "  0.0202476  0.02014141 0.20268555 0.15747137]\n",
      " [0.00423168 0.00007635 0.04289063 0.00009039 0.03943055 0.0078967\n",
      "  0.8718523  0.0000164  0.02578631 0.0077287 ]\n",
      " [0.00000573 0.00002594 0.00000344 0.00019515 0.00012539 0.00005313\n",
      "  0.0000003  0.9936452  0.00010888 0.005837  ]\n",
      " [0.00057157 0.00569456 0.0019323  0.09260985 0.1863277  0.01351247\n",
      "  0.00440957 0.11072011 0.05485271 0.5293692 ]\n",
      " [0.05313478 0.00027161 0.02749191 0.0668977  0.00169842 0.03485748\n",
      "  0.01758065 0.00090562 0.7948792  0.0022827 ]\n",
      " [0.03304278 0.00024618 0.04557815 0.00076794 0.00284272 0.11878283\n",
      "  0.77105117 0.00001776 0.0260677  0.00160285]\n",
      " [0.00037231 0.00009158 0.00013088 0.00046119 0.11492216 0.02715746\n",
      "  0.00091863 0.00935394 0.02280054 0.8237913 ]\n",
      " [0.00475214 0.00127613 0.00491431 0.00603708 0.01418324 0.05610576\n",
      "  0.00126902 0.14243543 0.6025926  0.16643432]\n",
      " [0.00299786 0.05873805 0.480434   0.04613671 0.06275944 0.00278502\n",
      "  0.01908163 0.24333456 0.06133683 0.02239601]\n",
      " [0.00002575 0.0000099  0.98814815 0.00006667 0.00003017 0.00008733\n",
      "  0.01161661 0.00000001 0.00001444 0.00000098]\n",
      " [0.02255799 0.02851684 0.12711073 0.49535653 0.00410273 0.07229417\n",
      "  0.1871116  0.0049334  0.04242692 0.01558899]\n",
      " [0.00123272 0.0118565  0.00242816 0.00324168 0.03524671 0.02864574\n",
      "  0.00169738 0.07464035 0.635124   0.20588668]\n",
      " [0.00005915 0.00022785 0.08940491 0.00018056 0.2446271  0.00054725\n",
      "  0.6401124  0.00165296 0.00316478 0.02002302]\n",
      " [0.01807697 0.00014574 0.00283848 0.17193179 0.00157181 0.2862068\n",
      "  0.00313729 0.00292064 0.50913745 0.00403292]\n",
      " [0.00191027 0.17525122 0.00429895 0.07867958 0.02954328 0.03960269\n",
      "  0.5998642  0.00055753 0.05335804 0.0169343 ]\n",
      " [0.00205944 0.36832902 0.37145042 0.05705271 0.02502924 0.00370564\n",
      "  0.00405025 0.00802539 0.15412901 0.00616892]\n",
      " [0.00000818 0.00000059 0.99990404 0.00000827 0.0000003  0.00000012\n",
      "  0.00007654 0.00000015 0.00000103 0.00000079]\n",
      " [0.00008128 0.00007145 0.00150747 0.9454115  0.00012003 0.00374863\n",
      "  0.00001385 0.00005225 0.04832642 0.00066701]\n",
      " [0.00150168 0.02186603 0.01936358 0.11434439 0.00684351 0.20422727\n",
      "  0.02308063 0.00245134 0.5982819  0.00803955]\n",
      " [0.00049534 0.00005294 0.00004427 0.00106434 0.10010047 0.0242834\n",
      "  0.00131804 0.00479317 0.00165637 0.8661917 ]\n",
      " [0.00067407 0.7354894  0.01034573 0.03020398 0.01479756 0.09793992\n",
      "  0.02107328 0.01885109 0.05799716 0.01262777]\n",
      " [0.7673339  0.00003627 0.01059538 0.06887643 0.00138301 0.06134016\n",
      "  0.00612191 0.00239539 0.07963978 0.00227779]\n",
      " [0.20246246 0.00000195 0.28303507 0.0102313  0.00059244 0.0179906\n",
      "  0.4820582  0.00005598 0.00205838 0.00151357]\n",
      " [0.00000847 0.9948607  0.00133934 0.00017986 0.00008288 0.0002585\n",
      "  0.0005754  0.00028896 0.0023113  0.0000946 ]\n",
      " [0.25152102 0.00007499 0.44721258 0.00823045 0.02194093 0.03905895\n",
      "  0.04808645 0.14480744 0.01596479 0.02310238]\n",
      " [0.00569432 0.04576772 0.0253985  0.032058   0.00124919 0.05678241\n",
      "  0.00216658 0.07802848 0.73052114 0.02233364]\n",
      " [0.0017897  0.04351026 0.03990431 0.06804237 0.01554146 0.03294104\n",
      "  0.02215747 0.00389265 0.7457138  0.02650702]\n",
      " [0.00027519 0.00000226 0.00006948 0.00115168 0.15190199 0.00194988\n",
      "  0.0014285  0.07505171 0.00725109 0.76091826]\n",
      " [0.00014644 0.91474855 0.00652616 0.00185597 0.00099527 0.00103801\n",
      "  0.00117428 0.00078288 0.07256842 0.00016412]\n",
      " [0.00209252 0.00001983 0.0448131  0.00001073 0.01635506 0.00096886\n",
      "  0.93322974 0.0000159  0.00111772 0.00137659]\n",
      " [0.00083591 0.9451308  0.00136055 0.00893559 0.00043017 0.00759116\n",
      "  0.0088733  0.00305574 0.01730522 0.00648156]\n",
      " [0.0015214  0.00125161 0.01084027 0.97206444 0.00011403 0.00489048\n",
      "  0.00017554 0.00036105 0.00847114 0.00031001]\n",
      " [0.01652451 0.00000057 0.04311182 0.00022339 0.00087392 0.00279617\n",
      "  0.9357547  0.00002151 0.00060166 0.00009166]\n",
      " [0.00051506 0.00001046 0.00002656 0.00460116 0.19450507 0.01614712\n",
      "  0.00240691 0.5705006  0.00109508 0.21019204]\n",
      " [0.03285671 0.00008597 0.00058821 0.06681844 0.00005021 0.8846486\n",
      "  0.00141842 0.00057708 0.01249244 0.00046384]\n",
      " [0.00820161 0.0014396  0.01577095 0.00321534 0.11468462 0.02019626\n",
      "  0.05147297 0.00714011 0.73060006 0.04727841]\n",
      " [0.00142054 0.00145526 0.08749226 0.88438517 0.00001709 0.01057354\n",
      "  0.00397776 0.00010118 0.01050346 0.00007373]\n",
      " [0.00465358 0.00049843 0.00220136 0.00336583 0.00668039 0.00855732\n",
      "  0.00025044 0.81937474 0.05964285 0.09477507]\n",
      " [0.0259391  0.0068336  0.03709512 0.00636843 0.71357685 0.022964\n",
      "  0.07728463 0.00372829 0.00605412 0.10015586]\n",
      " [0.00148348 0.07590805 0.01654535 0.47008765 0.00606814 0.03310281\n",
      "  0.00177522 0.23397055 0.10019695 0.06086176]\n",
      " [0.00415073 0.01337559 0.01686716 0.05535877 0.07912351 0.10165554\n",
      "  0.23515084 0.00016534 0.49325776 0.00089478]\n",
      " [0.00619706 0.00050814 0.02471955 0.00461617 0.65021366 0.0053007\n",
      "  0.07883843 0.01689098 0.03553206 0.17718321]\n",
      " [0.00015114 0.00025547 0.00059669 0.00002121 0.00181026 0.00068008\n",
      "  0.9958411  0.00000091 0.00055184 0.00009131]\n",
      " [0.00092793 0.02585436 0.00103967 0.02387669 0.00618611 0.00277995\n",
      "  0.00055467 0.8562266  0.02513348 0.05742045]\n",
      " [0.01078879 0.00011577 0.55740535 0.0012883  0.25706938 0.01576458\n",
      "  0.07280231 0.00026977 0.00221979 0.082276  ]\n",
      " [0.43070066 0.00027362 0.01566769 0.03820349 0.01144919 0.09404754\n",
      "  0.38874993 0.00028749 0.01559543 0.00502497]\n",
      " [0.00122886 0.00242841 0.00060367 0.0559339  0.00474659 0.00491365\n",
      "  0.00046451 0.72748655 0.07738169 0.1248121 ]\n",
      " [0.00252655 0.0005954  0.00750937 0.00818197 0.21246357 0.4699912\n",
      "  0.18061678 0.00005062 0.07578211 0.04228245]\n",
      " [0.05921269 0.00002525 0.9022721  0.00673378 0.00421363 0.00578472\n",
      "  0.01702615 0.00076731 0.00256311 0.00140118]\n",
      " [0.72139955 0.00008493 0.01473022 0.0598161  0.00053604 0.0933113\n",
      "  0.00496132 0.00426849 0.0912119  0.00968016]\n",
      " [0.04120227 0.00000105 0.01027398 0.0736852  0.00023396 0.8270434\n",
      "  0.00881108 0.00024165 0.03829487 0.00021244]\n",
      " [0.02317452 0.0179051  0.5884296  0.16792548 0.00037609 0.0026046\n",
      "  0.00051304 0.14075333 0.03757355 0.02074476]\n",
      " [0.8971385  0.00000002 0.00034435 0.0198961  0.00000149 0.08128766\n",
      "  0.00009732 0.0000164  0.00121137 0.00000671]\n",
      " [0.9805596  0.00000007 0.01272508 0.00010854 0.00000564 0.00379032\n",
      "  0.00016238 0.00001779 0.00252406 0.00010657]\n",
      " [0.0343627  0.02689797 0.00322887 0.09473619 0.00497874 0.05775663\n",
      "  0.0013217  0.03275071 0.65718377 0.08678268]\n",
      " [0.00082962 0.00011259 0.00997944 0.98598784 0.00000192 0.0023724\n",
      "  0.00003466 0.00011943 0.00051584 0.00004626]\n",
      " [0.17229307 0.00807029 0.08501272 0.01399192 0.12968218 0.28644383\n",
      "  0.1378038  0.03906814 0.10237526 0.02525883]\n",
      " [0.03757241 0.00001336 0.02232681 0.898093   0.00000792 0.02797721\n",
      "  0.00074104 0.00017895 0.01305119 0.00003822]\n",
      " [0.07146723 0.00001161 0.03434619 0.00011677 0.07843328 0.04161062\n",
      "  0.7360952  0.00108485 0.03473492 0.00209934]\n",
      " [0.02061374 0.00093516 0.00021348 0.02740363 0.03564154 0.25315586\n",
      "  0.00362471 0.25412035 0.07634508 0.32794645]\n",
      " [0.54258585 0.00038932 0.11827233 0.13114384 0.00102156 0.06680217\n",
      "  0.07632554 0.01570181 0.03070129 0.01705635]\n",
      " [0.00205428 0.00010665 0.00056444 0.9021297  0.00002948 0.07581363\n",
      "  0.00012683 0.00171925 0.01597364 0.00148209]\n",
      " [0.7196764  0.         0.00022408 0.00033488 0.0000113  0.2585247\n",
      "  0.00077315 0.0001062  0.01989634 0.00045292]\n",
      " [0.00021344 0.8399746  0.03633377 0.05858492 0.00234245 0.00433307\n",
      "  0.00414974 0.01292406 0.03689279 0.00425121]\n",
      " [0.01992777 0.00056412 0.02467114 0.03659857 0.00069805 0.80746543\n",
      "  0.0831295  0.00019119 0.02436829 0.00238589]\n",
      " [0.9564392  0.00000023 0.01099657 0.00344945 0.00000803 0.0204571\n",
      "  0.00360044 0.00144213 0.00329022 0.00031665]\n",
      " [0.00154224 0.89567673 0.01303158 0.01190567 0.00222115 0.00159646\n",
      "  0.00038482 0.05057519 0.01908819 0.00397795]\n",
      " [0.0002589  0.9357013  0.02267523 0.00218589 0.001997   0.00447068\n",
      "  0.01332036 0.00094427 0.01708131 0.00136493]\n",
      " [0.07626399 0.00005166 0.00854037 0.00164137 0.11803088 0.0049118\n",
      "  0.00219417 0.06885482 0.02011031 0.69940066]\n",
      " [0.00102968 0.00044498 0.9442233  0.02412961 0.00161799 0.00006441\n",
      "  0.00116544 0.00645828 0.00457929 0.01628707]]\n"
     ]
    },
    {
     "name": "stdout",
     "output_type": "stream",
     "text": [
      "INFO:tensorflow:loss = 0.5946294, step = 3099\n",
      "INFO:tensorflow:probabilities = [[0.00003308 0.00002849 0.00420707 0.00005578 0.02576956 0.00006423\n",
      "  0.9692336  0.00000005 0.0003134  0.00029476]\n",
      " [0.00142908 0.00000156 0.04721313 0.00000413 0.00354293 0.00005097\n",
      "  0.94769025 0.00000052 0.0000365  0.00003105]\n",
      " [0.00040213 0.02507923 0.80103457 0.00177926 0.0177579  0.00039835\n",
      "  0.09980761 0.00006585 0.0504507  0.00322435]\n",
      " [0.00034609 0.00004916 0.00001484 0.00580877 0.00045724 0.00108578\n",
      "  0.00000321 0.87212497 0.0012043  0.1189056 ]\n",
      " [0.00193394 0.00116985 0.00027018 0.00340951 0.0005259  0.85544175\n",
      "  0.00006442 0.00047494 0.13589175 0.00081765]\n",
      " [0.01778409 0.00109805 0.04003143 0.00987951 0.6285947  0.04468786\n",
      "  0.1219715  0.00186682 0.00245996 0.13162613]\n",
      " [0.00368495 0.02545134 0.01386158 0.45011955 0.01518379 0.1734646\n",
      "  0.00482942 0.11641917 0.05403369 0.142952  ]\n",
      " [0.00123506 0.         0.00008179 0.9938631  0.00000001 0.00167363\n",
      "  0.00000127 0.00054615 0.00259406 0.00000489]\n",
      " [0.00667451 0.00013029 0.00326285 0.2699964  0.00000735 0.70454603\n",
      "  0.00063217 0.00005995 0.01390062 0.00078987]\n",
      " [0.00563754 0.00001012 0.00192145 0.0537104  0.00008629 0.9149246\n",
      "  0.00043601 0.00391524 0.01658711 0.00277127]\n",
      " [0.00148838 0.00274245 0.00726168 0.00571954 0.00223319 0.20982535\n",
      "  0.01507014 0.00042242 0.75314355 0.00209326]\n",
      " [0.0001628  0.0000148  0.00000519 0.00055313 0.00035023 0.00152613\n",
      "  0.00000092 0.94304365 0.0003953  0.05394791]\n",
      " [0.00839844 0.00026659 0.00537909 0.00081873 0.03190935 0.04556526\n",
      "  0.7671587  0.00007867 0.13670276 0.00372248]\n",
      " [0.99879766 0.         0.0000234  0.00000693 0.00000028 0.00109351\n",
      "  0.00005011 0.0000043  0.00001233 0.00001158]\n",
      " [0.96935534 0.00000103 0.004406   0.00084255 0.00000823 0.02012403\n",
      "  0.00236915 0.00004701 0.0027722  0.00007458]\n",
      " [0.00001797 0.8904658  0.00219067 0.00153278 0.00194404 0.00281325\n",
      "  0.09483263 0.00029238 0.00565836 0.00025218]\n",
      " [0.00025893 0.00000423 0.9678481  0.01252699 0.00000121 0.0014483\n",
      "  0.00365767 0.00000023 0.0142522  0.00000214]\n",
      " [0.00000214 0.00000093 0.99764144 0.00050678 0.00014249 0.0000075\n",
      "  0.00167082 0.00000055 0.00000425 0.00002308]\n",
      " [0.00095415 0.05738754 0.03729673 0.0009185  0.6909082  0.01177333\n",
      "  0.09307033 0.00362101 0.07028073 0.03378943]\n",
      " [0.00053871 0.00166396 0.00644069 0.00020371 0.00702386 0.00433066\n",
      "  0.97174376 0.00005828 0.00624157 0.00175496]\n",
      " [0.00275725 0.8529219  0.00211888 0.00600587 0.00136733 0.03818514\n",
      "  0.01620378 0.00150829 0.07499391 0.00393764]\n",
      " [0.00044254 0.00000176 0.00022744 0.00015675 0.04102958 0.00295907\n",
      "  0.00014919 0.7025009  0.00695866 0.24557413]\n",
      " [0.00216518 0.0001743  0.00323588 0.00073538 0.00000671 0.9586486\n",
      "  0.00696342 0.00002705 0.02801798 0.00002538]\n",
      " [0.00120585 0.00011439 0.8757219  0.01015678 0.00000611 0.00487649\n",
      "  0.10551603 0.00000005 0.00239597 0.00000657]\n",
      " [0.09808112 0.00007021 0.00147278 0.10447624 0.00274087 0.61522144\n",
      "  0.00076471 0.02358466 0.01994782 0.13364023]\n",
      " [0.00110695 0.00000252 0.00015463 0.00095801 0.0000209  0.98340815\n",
      "  0.00011413 0.00007933 0.01404493 0.0001104 ]\n",
      " [0.00030389 0.02618702 0.03795251 0.15763512 0.00545475 0.01762894\n",
      "  0.00079635 0.06417158 0.6656492  0.02422064]\n",
      " [0.00000551 0.00000191 0.00002141 0.00001113 0.9737081  0.00029845\n",
      "  0.00017108 0.00045215 0.00055604 0.02477428]\n",
      " [0.00062062 0.91729844 0.01833872 0.01003751 0.01610765 0.0036656\n",
      "  0.01207292 0.00756892 0.00844039 0.00584917]\n",
      " [0.00014587 0.0003554  0.00874961 0.00002407 0.00157894 0.00020896\n",
      "  0.9876709  0.0000041  0.000946   0.00031621]\n",
      " [0.00029668 0.00001904 0.0001639  0.00057886 0.8429651  0.00089258\n",
      "  0.02082547 0.00014447 0.0470296  0.08708427]\n",
      " [0.00006641 0.0000076  0.00000981 0.00000063 0.98711824 0.00016132\n",
      "  0.00038873 0.0003936  0.00022364 0.01162995]\n",
      " [0.02328611 0.02150633 0.0247532  0.31629682 0.00026594 0.08118357\n",
      "  0.00100543 0.00592391 0.5214655  0.00431318]\n",
      " [0.0043867  0.00011286 0.00215525 0.40091848 0.00450163 0.17850685\n",
      "  0.00074461 0.02773348 0.30867553 0.07226466]\n",
      " [0.00428482 0.8346823  0.00517788 0.00713116 0.00375479 0.01597068\n",
      "  0.01300891 0.00819955 0.10374888 0.00404103]\n",
      " [0.0031468  0.00220265 0.00025938 0.00111278 0.00123685 0.8970255\n",
      "  0.00054522 0.00070142 0.0900799  0.00368947]\n",
      " [0.9797436  0.00000003 0.00038251 0.0001959  0.00000072 0.01800148\n",
      "  0.0003834  0.0000023  0.00128255 0.00000744]\n",
      " [0.00001514 0.00012808 0.02144973 0.00646597 0.00024753 0.00109506\n",
      "  0.00010946 0.95165783 0.006123   0.01270812]\n",
      " [0.00003252 0.00000272 0.99846715 0.00115628 0.0000048  0.00000449\n",
      "  0.00028668 0.00000036 0.00004417 0.0000007 ]\n",
      " [0.0056759  0.00000004 0.9877186  0.00146718 0.00012488 0.00010618\n",
      "  0.00309216 0.00047596 0.00038568 0.00095339]\n",
      " [0.0000973  0.00383995 0.00014855 0.02455512 0.00008584 0.00308254\n",
      "  0.00000911 0.88046765 0.05664273 0.03107112]\n",
      " [0.0018542  0.02740619 0.0011486  0.01257848 0.0013913  0.01849185\n",
      "  0.00100576 0.01625161 0.8740016  0.0458704 ]\n",
      " [0.00018294 0.00096183 0.00020745 0.00374543 0.038862   0.00410624\n",
      "  0.00044292 0.02309139 0.02965805 0.8987417 ]\n",
      " [0.988424   0.00000005 0.00103334 0.00338022 0.00000004 0.00699906\n",
      "  0.0000934  0.00000597 0.00005635 0.00000766]\n",
      " [0.9831308  0.00000006 0.00261019 0.00002368 0.00000176 0.01126682\n",
      "  0.00034154 0.0000002  0.00262284 0.00000203]\n",
      " [0.00042519 0.00346646 0.01048318 0.00122041 0.00896082 0.00496966\n",
      "  0.9591465  0.000259   0.00882641 0.0022424 ]\n",
      " [0.0005586  0.00000006 0.05152335 0.00000592 0.00004522 0.0000188\n",
      "  0.9478067  0.00000011 0.00003368 0.00000759]\n",
      " [0.00002019 0.00003055 0.9920691  0.0000592  0.00000356 0.00004353\n",
      "  0.00774865 0.00000003 0.00002462 0.0000006 ]\n",
      " [0.00039346 0.00030721 0.95983386 0.00290506 0.00005123 0.000711\n",
      "  0.03365473 0.00003555 0.00203111 0.00007687]\n",
      " [0.00054569 0.00003623 0.00005389 0.00022242 0.86269516 0.00738555\n",
      "  0.00302199 0.00105134 0.00445773 0.12053002]\n",
      " [0.00083325 0.00000607 0.9944246  0.00055484 0.00000532 0.0004411\n",
      "  0.00224606 0.00000074 0.00146372 0.00002421]\n",
      " [0.00016536 0.854869   0.00355436 0.0281494  0.00494833 0.01823266\n",
      "  0.01051097 0.00733791 0.06583143 0.00640059]\n",
      " [0.00876756 0.00760453 0.08222884 0.81740165 0.00001812 0.01125574\n",
      "  0.00283018 0.00212419 0.06719082 0.00057832]\n",
      " [0.00000905 0.00000418 0.0000003  0.0001899  0.00038519 0.00058721\n",
      "  0.00000015 0.96333957 0.00190953 0.03357476]\n",
      " [0.00497806 0.00001572 0.926929   0.00584173 0.00008865 0.01908141\n",
      "  0.01037095 0.00064195 0.02976467 0.00228789]\n",
      " [0.01396023 0.00079933 0.11182717 0.08101886 0.0034258  0.07667951\n",
      "  0.00362187 0.1698202  0.4798185  0.05902857]\n",
      " [0.20284142 0.00000272 0.04313357 0.32443646 0.00022547 0.0916348\n",
      "  0.00050346 0.0000086  0.33651063 0.00070292]\n",
      " [0.00007314 0.9709033  0.00152435 0.01284207 0.00049192 0.00469507\n",
      "  0.00509264 0.00100522 0.00233448 0.00103788]\n",
      " [0.08906399 0.00091259 0.3813842  0.01383593 0.24593715 0.01295657\n",
      "  0.06017784 0.07637701 0.06957833 0.04977624]\n",
      " [0.00259209 0.00005157 0.09526015 0.85021067 0.00013232 0.004841\n",
      "  0.00045994 0.00235998 0.04362576 0.00046646]\n",
      " [0.00023015 0.0005304  0.00006734 0.00894927 0.01504881 0.0038624\n",
      "  0.00003911 0.3813284  0.00423993 0.58570415]\n",
      " [0.00001533 0.00000063 0.00158934 0.00052476 0.92666435 0.00035387\n",
      "  0.00178343 0.00097649 0.00035415 0.06773756]\n",
      " [0.02950955 0.00008274 0.00719302 0.00104333 0.1595567  0.6568141\n",
      "  0.03305712 0.00668545 0.03943082 0.06662714]\n",
      " [0.00175577 0.00000022 0.00002282 0.00025574 0.04671334 0.00491488\n",
      "  0.00001821 0.02276343 0.04686182 0.87669384]\n",
      " [0.00005989 0.00018944 0.9848779  0.00093257 0.00003391 0.0000544\n",
      "  0.01379686 0.00000312 0.00004521 0.00000683]\n",
      " [0.00201677 0.90979606 0.01824376 0.00793948 0.0033219  0.00638778\n",
      "  0.0046554  0.00426009 0.03945542 0.0039234 ]\n",
      " [0.02794012 0.00001367 0.00071103 0.6957466  0.00000176 0.19490182\n",
      "  0.00002115 0.0352799  0.03970109 0.00568286]\n",
      " [0.0058844  0.77021974 0.02357843 0.01926114 0.01189114 0.01697236\n",
      "  0.02541762 0.01805887 0.09255391 0.01616244]\n",
      " [0.00204414 0.00441825 0.00288562 0.00073441 0.79085195 0.02973191\n",
      "  0.00381462 0.00482418 0.035477   0.12521783]\n",
      " [0.0038641  0.00450687 0.00269763 0.02955512 0.00021471 0.01195114\n",
      "  0.00025806 0.00096104 0.93503326 0.01095805]\n",
      " [0.02173831 0.00228122 0.00117528 0.20063134 0.00001184 0.7599675\n",
      "  0.00022513 0.00044345 0.01315414 0.00037188]\n",
      " [0.9733744  0.00000006 0.00021576 0.00087263 0.00000688 0.01844136\n",
      "  0.0058289  0.00003997 0.00113683 0.00008331]\n",
      " [0.9997055  0.         0.00000062 0.00000123 0.00000112 0.00017728\n",
      "  0.00010885 0.00000411 0.00000041 0.0000009 ]\n",
      " [0.00545408 0.00524083 0.6531175  0.24606273 0.00133633 0.00970424\n",
      "  0.0011721  0.02353755 0.05246815 0.00190654]\n",
      " [0.00008178 0.00000001 0.00000057 0.00008385 0.00001683 0.00017987\n",
      "  0.00000007 0.97503597 0.00009972 0.02450126]\n",
      " [0.0042807  0.8234979  0.01856092 0.036428   0.00978876 0.02243882\n",
      "  0.01369099 0.02659848 0.02544382 0.01927171]\n",
      " [0.23720035 0.00183957 0.0839571  0.13547625 0.0056341  0.06421688\n",
      "  0.18347321 0.00455103 0.24713485 0.03651659]\n",
      " [0.00001437 0.00000002 0.00000012 0.00005242 0.00000334 0.00001726\n",
      "  0.00000008 0.99951005 0.00002232 0.00038009]\n",
      " [0.45047605 0.00008597 0.03252024 0.3996003  0.00003279 0.07492473\n",
      "  0.01902585 0.00170127 0.02036984 0.00126301]\n",
      " [0.00018545 0.00001263 0.9869976  0.00973872 0.00000292 0.00063408\n",
      "  0.00112763 0.00001603 0.00128057 0.00000435]\n",
      " [0.00088097 0.00052341 0.00051189 0.01028015 0.17540497 0.01083125\n",
      "  0.00118837 0.09194715 0.01088978 0.6975421 ]\n",
      " [0.00287568 0.00000202 0.00042375 0.00855127 0.00000328 0.00050901\n",
      "  0.00000395 0.98569214 0.00101401 0.00092489]\n",
      " [0.00450701 0.00419166 0.08064203 0.88874876 0.00000971 0.01366787\n",
      "  0.00119537 0.00007871 0.00687528 0.00008364]\n",
      " [0.00802881 0.00000183 0.00019081 0.91502124 0.00001457 0.01283577\n",
      "  0.00000705 0.00401869 0.04615179 0.01372939]\n",
      " [0.9971692  0.         0.00061848 0.00032059 0.00000002 0.00140681\n",
      "  0.00044174 0.00002642 0.00000666 0.00001013]\n",
      " [0.00210771 0.00041054 0.3800263  0.00239682 0.20113075 0.0040633\n",
      "  0.33047372 0.03027557 0.00961476 0.03950053]\n",
      " [0.00016145 0.00669064 0.0106254  0.00961287 0.0010782  0.00110983\n",
      "  0.00002513 0.94915426 0.00907988 0.01246242]\n",
      " [0.00518555 0.00008006 0.06682105 0.00778388 0.00714839 0.04436362\n",
      "  0.8369107  0.00030185 0.02784741 0.00355738]\n",
      " [0.00259659 0.00000082 0.00003201 0.96657336 0.00000015 0.02834659\n",
      "  0.00000083 0.00016694 0.00212467 0.00015805]\n",
      " [0.00140987 0.00062334 0.00094807 0.50803536 0.00047075 0.26695824\n",
      "  0.00726497 0.0003109  0.20981838 0.00416015]\n",
      " [0.00143004 0.0016262  0.04890955 0.04432928 0.00021338 0.00997236\n",
      "  0.00514188 0.00021419 0.8878434  0.00031969]\n",
      " [0.00001164 0.00048048 0.00226592 0.00000501 0.00010469 0.00059718\n",
      "  0.99588686 0.00000011 0.00056471 0.00008344]\n",
      " [0.00199951 0.0401106  0.00212232 0.01997694 0.19397423 0.03555411\n",
      "  0.01957481 0.04845598 0.11402138 0.52421016]\n",
      " [0.00076912 0.00031004 0.00137332 0.00019029 0.8212441  0.00510004\n",
      "  0.00356367 0.00285576 0.01506515 0.14952847]\n",
      " [0.00039292 0.00517857 0.01395657 0.00036544 0.8859481  0.00470991\n",
      "  0.0160336  0.00030516 0.034039   0.03907074]\n",
      " [0.00002187 0.00005874 0.00004575 0.0002645  0.31494096 0.00034097\n",
      "  0.00066691 0.05238226 0.00098741 0.63029057]\n",
      " [0.00000373 0.0000403  0.00000065 0.00015844 0.00024019 0.00009567\n",
      "  0.00000089 0.9892637  0.00203459 0.00816177]\n",
      " [0.00507323 0.00767401 0.00368761 0.00570812 0.00910845 0.02581319\n",
      "  0.00491109 0.01871132 0.87510455 0.04420847]\n",
      " [0.00011187 0.00000063 0.00001962 0.00060036 0.01062161 0.00020673\n",
      "  0.00000449 0.01450168 0.00244335 0.9714896 ]\n",
      " [0.00827541 0.00000026 0.6142327  0.00620418 0.00000532 0.21401648\n",
      "  0.0003318  0.00016489 0.15659602 0.00017298]] (15.044 sec)\n"
     ]
    },
    {
     "name": "stdout",
     "output_type": "stream",
     "text": [
      "INFO:tensorflow:global_step/sec: 3.36655\n",
      "INFO:tensorflow:probabilities = [[0.00008733 0.90251315 0.00466964 0.03386608 0.00128957 0.00380722\n",
      "  0.02117503 0.0017957  0.02764894 0.0031474 ]\n",
      " [0.00036128 0.98113716 0.0031301  0.00161269 0.00270384 0.00071394\n",
      "  0.00321971 0.00191074 0.00469541 0.00051515]\n",
      " [0.04360538 0.06009773 0.03396107 0.01785751 0.00242584 0.0090105\n",
      "  0.01617081 0.00118649 0.79880357 0.01688105]\n",
      " [0.0000383  0.00021557 0.00002542 0.00132171 0.01337253 0.00069083\n",
      "  0.00001863 0.0713269  0.00913376 0.9038563 ]\n",
      " [0.00000051 0.00000117 0.00000081 0.00024217 0.00000283 0.00000215\n",
      "  0.00000001 0.9995389  0.00003299 0.00017855]\n",
      " [0.00024188 0.01579515 0.00011795 0.00248288 0.6458078  0.0192909\n",
      "  0.00374236 0.05831966 0.16497257 0.08922879]\n",
      " [0.00065149 0.00760815 0.00032459 0.00331766 0.55081135 0.02459724\n",
      "  0.00156956 0.0129265  0.06503979 0.33315367]\n",
      " [0.00006367 0.00043799 0.9781332  0.01454084 0.0000314  0.00003466\n",
      "  0.0001646  0.00315482 0.00332739 0.00011145]\n",
      " [0.00067013 0.00057354 0.01277979 0.86045814 0.00015599 0.04149333\n",
      "  0.00001885 0.00069355 0.08269154 0.00046523]\n",
      " [0.00000007 0.00000069 0.00000017 0.00017246 0.00006099 0.00003038\n",
      "  0.00000003 0.9914991  0.00030904 0.00792708]\n",
      " [0.00495684 0.00004651 0.9185569  0.02892105 0.00075142 0.02876475\n",
      "  0.00071474 0.00000187 0.01675761 0.00052831]\n",
      " [0.996784   0.00000003 0.00003486 0.00011912 0.00000007 0.00301675\n",
      "  0.00000215 0.00002642 0.00001461 0.00000201]\n",
      " [0.00138583 0.00007347 0.03006621 0.82567453 0.00006721 0.04571204\n",
      "  0.0001314  0.01027055 0.07405448 0.01256431]\n",
      " [0.00214917 0.00004062 0.000003   0.03568884 0.00004871 0.95299846\n",
      "  0.0000581  0.00019491 0.00811247 0.00070567]\n",
      " [0.00133366 0.00116156 0.00598552 0.02160831 0.22833319 0.03296088\n",
      "  0.01047834 0.00262836 0.03351511 0.66199505]\n",
      " [0.00076256 0.000087   0.00002999 0.00264236 0.01074524 0.00247702\n",
      "  0.00005001 0.7268541  0.00422025 0.2521315 ]\n",
      " [0.00135057 0.00011879 0.01840167 0.03339085 0.00009211 0.00034553\n",
      "  0.00001621 0.9373796  0.00090537 0.00799936]\n",
      " [0.00012228 0.9606075  0.00146012 0.00226166 0.00195827 0.00087322\n",
      "  0.00076476 0.01592585 0.01219663 0.00382964]\n",
      " [0.06745082 0.0002605  0.0505976  0.04735072 0.0024352  0.00769867\n",
      "  0.77928704 0.00043259 0.04184543 0.00264136]\n",
      " [0.00028485 0.00173307 0.01313175 0.9422313  0.00011484 0.00199906\n",
      "  0.00006261 0.00751221 0.02361286 0.00931732]\n",
      " [0.00007986 0.00000016 0.00114674 0.00000073 0.00013173 0.00053234\n",
      "  0.998047   0.00000002 0.00005848 0.00000298]\n",
      " [0.00998612 0.00022855 0.00765488 0.5483639  0.0006675  0.1241223\n",
      "  0.0262455  0.00164932 0.275911   0.00517078]\n",
      " [0.00778445 0.00001695 0.00029671 0.0086194  0.00087887 0.7905254\n",
      "  0.00137789 0.00053308 0.18600412 0.0039631 ]\n",
      " [0.0002812  0.00037466 0.01225298 0.41352123 0.00004212 0.00904413\n",
      "  0.0001399  0.0000383  0.56012446 0.00418098]\n",
      " [0.01050652 0.00058422 0.01862227 0.02136008 0.00009397 0.00466413\n",
      "  0.00063779 0.00076915 0.92715794 0.01560394]\n",
      " [0.00123647 0.00031973 0.09997443 0.84984124 0.00046302 0.0153381\n",
      "  0.00062505 0.00031658 0.03111143 0.0007739 ]\n",
      " [0.00087253 0.25938007 0.01010392 0.0020304  0.00022974 0.00467452\n",
      "  0.01827085 0.0001707  0.70375293 0.00051446]\n",
      " [0.00320702 0.35538286 0.44634116 0.0196386  0.01027527 0.00674499\n",
      "  0.12591085 0.00155705 0.02704384 0.00389845]\n",
      " [0.00013473 0.00000649 0.0001225  0.00144237 0.00004714 0.00011543\n",
      "  0.00000695 0.98369586 0.0007349  0.01369364]\n",
      " [0.00082509 0.00075383 0.00134166 0.00211399 0.00835176 0.02104891\n",
      "  0.96282256 0.00002505 0.0022331  0.00048418]\n",
      " [0.01297897 0.00001841 0.9742653  0.00231774 0.00000056 0.00126677\n",
      "  0.00055902 0.00000157 0.0085878  0.000004  ]\n",
      " [0.00634129 0.00005639 0.01369091 0.00058941 0.06229614 0.00409754\n",
      "  0.8881253  0.00042505 0.00555545 0.01882246]\n",
      " [0.00011688 0.00003603 0.99340266 0.00090323 0.00057133 0.0000361\n",
      "  0.0043534  0.0000095  0.00018319 0.00038769]\n",
      " [0.00004275 0.00009852 0.9900045  0.00063623 0.00269285 0.00012637\n",
      "  0.00466733 0.0007432  0.00036932 0.00061882]\n",
      " [0.0010495  0.94054216 0.00601014 0.00553949 0.00162634 0.00414417\n",
      "  0.00513848 0.00369738 0.02733519 0.00491722]\n",
      " [0.00551182 0.0002686  0.00040001 0.00636124 0.01537445 0.00666834\n",
      "  0.00035992 0.6992533  0.0049989  0.26080343]\n",
      " [0.00039588 0.00000206 0.5392741  0.4559106  0.00000005 0.00063111\n",
      "  0.00007858 0.00001543 0.00368584 0.00000641]\n",
      " [0.98406696 0.         0.00000449 0.00001224 0.00000006 0.01530286\n",
      "  0.00018596 0.00000146 0.00034873 0.00007705]\n",
      " [0.00028763 0.87990546 0.0104192  0.03657728 0.0017889  0.01344151\n",
      "  0.00385007 0.00813858 0.03194601 0.01364536]\n",
      " [0.00337407 0.02169362 0.01340602 0.00533864 0.00335372 0.02735629\n",
      "  0.04169643 0.00252474 0.87134784 0.00990859]\n",
      " [0.00037145 0.00003928 0.00222118 0.00001104 0.00030305 0.00341309\n",
      "  0.9934275  0.00000003 0.0001859  0.0000274 ]\n",
      " [0.00212159 0.8886672  0.03318371 0.0117014  0.00647928 0.00535279\n",
      "  0.01196862 0.00548235 0.02874354 0.00629947]\n",
      " [0.00095249 0.00026896 0.00016327 0.00038209 0.91432565 0.00257469\n",
      "  0.01589971 0.00162704 0.00901094 0.05479517]\n",
      " [0.00700668 0.00000099 0.00051766 0.00169223 0.000637   0.03176734\n",
      "  0.00008602 0.00045842 0.95652103 0.00131262]\n",
      " [0.00696483 0.00078034 0.01348147 0.01811818 0.00120812 0.05443053\n",
      "  0.00149676 0.00113855 0.89565337 0.00672784]\n",
      " [0.04372901 0.02282735 0.03470192 0.06036453 0.00392549 0.07683749\n",
      "  0.00063509 0.01361181 0.7322323  0.01113505]\n",
      " [0.00007744 0.00033633 0.00003395 0.00167929 0.00809695 0.00049337\n",
      "  0.00002115 0.06833619 0.00681294 0.9141123 ]\n",
      " [0.00096914 0.00051875 0.00355269 0.00007492 0.9158886  0.0040605\n",
      "  0.01147001 0.0076464  0.00544182 0.05037719]\n",
      " [0.00590883 0.00024137 0.02654501 0.04037651 0.00044876 0.00583642\n",
      "  0.00021208 0.7826434  0.04335432 0.09443331]\n",
      " [0.962358   0.00002699 0.00033679 0.00452586 0.00011908 0.01270497\n",
      "  0.00550158 0.00104578 0.01298277 0.0003983 ]\n",
      " [0.00195121 0.17233881 0.0266559  0.00255974 0.00791749 0.02640922\n",
      "  0.00888565 0.00091106 0.74931455 0.00305633]\n",
      " [0.00384532 0.0000104  0.00368222 0.8970862  0.00004537 0.01273898\n",
      "  0.00005064 0.05078591 0.02956064 0.00219428]\n",
      " [0.00132076 0.0000013  0.00000315 0.00042342 0.00516601 0.00803347\n",
      "  0.00012933 0.9296914  0.00109107 0.05414   ]\n",
      " [0.00049936 0.22106037 0.00796549 0.29335824 0.07561972 0.17706966\n",
      "  0.11529028 0.00760259 0.06904945 0.03248491]\n",
      " [0.9949451  0.00000001 0.00010292 0.00045443 0.00000451 0.00373527\n",
      "  0.00000734 0.00028838 0.0003063  0.00015563]\n",
      " [0.14799182 0.00096627 0.05621412 0.01014293 0.4046998  0.03412218\n",
      "  0.04841921 0.02446244 0.03970958 0.23327166]\n",
      " [0.9960008  0.         0.00056537 0.00081795 0.00000005 0.00244777\n",
      "  0.00000149 0.00002049 0.00014208 0.0000041 ]\n",
      " [0.01257932 0.01887695 0.00009621 0.00847238 0.00234489 0.746199\n",
      "  0.00017932 0.00357545 0.18754548 0.02013103]\n",
      " [0.0018631  0.         0.00178597 0.5963766  0.00000036 0.2748276\n",
      "  0.00000673 0.00005227 0.12507953 0.00000786]\n",
      " [0.00215426 0.06297648 0.05655329 0.00739701 0.01016906 0.0537624\n",
      "  0.03507176 0.00483372 0.7601283  0.00695379]\n",
      " [0.03693511 0.0002022  0.00998879 0.07029457 0.00036202 0.08856891\n",
      "  0.00156421 0.00026755 0.79034925 0.00146745]\n",
      " [0.00178125 0.00000151 0.9752092  0.01613511 0.00016089 0.00034845\n",
      "  0.00215301 0.00000031 0.00412508 0.00008519]\n",
      " [0.00002146 0.03321567 0.05417163 0.00353811 0.00937338 0.00057171\n",
      "  0.8918736  0.00000287 0.00610502 0.00112653]\n",
      " [0.00874618 0.00000835 0.00002676 0.0027558  0.00099645 0.04309136\n",
      "  0.00003061 0.8040698  0.00433531 0.13593936]\n",
      " [0.10104527 0.00000187 0.07063652 0.3445129  0.00007599 0.28148106\n",
      "  0.01482859 0.0008059  0.17143123 0.01518072]\n",
      " [0.00106605 0.00406367 0.02856087 0.01032651 0.01961966 0.01740729\n",
      "  0.8822028  0.00003523 0.0362668  0.0004511 ]\n",
      " [0.02000277 0.00000136 0.9724267  0.00028233 0.0000961  0.00260734\n",
      "  0.00214226 0.00035584 0.00133231 0.000753  ]\n",
      " [0.99626476 0.         0.00032287 0.00019622 0.00000003 0.00242384\n",
      "  0.00031692 0.00000356 0.00047094 0.00000087]\n",
      " [0.000155   0.00003589 0.99669063 0.00180741 0.00004483 0.00004865\n",
      "  0.0006265  0.00003346 0.00048394 0.00007371]\n",
      " [0.00090888 0.00000251 0.01582306 0.00032659 0.02883809 0.0003955\n",
      "  0.95035535 0.00009299 0.0018575  0.00139954]\n",
      " [0.15020001 0.00005462 0.00110315 0.3118246  0.00010949 0.51667595\n",
      "  0.0054017  0.00620707 0.00568974 0.00273362]\n",
      " [0.09613097 0.00008128 0.11681934 0.01768861 0.00004238 0.03944496\n",
      "  0.00034126 0.03635591 0.6828991  0.01019621]\n",
      " [0.09502951 0.00003355 0.00120452 0.00053624 0.00069547 0.00973397\n",
      "  0.8828667  0.00000359 0.00981911 0.00007734]\n",
      " [0.00012996 0.00008262 0.9957283  0.0022001  0.00002053 0.00002841\n",
      "  0.0009358  0.00000883 0.00081268 0.00005263]\n",
      " [0.00030831 0.00000247 0.00031553 0.00003515 0.97190946 0.00016182\n",
      "  0.00561239 0.00022061 0.00049923 0.02093512]\n",
      " [0.07248349 0.00137116 0.01130006 0.00145456 0.02928695 0.14105782\n",
      "  0.02428295 0.00221904 0.71238536 0.00415866]\n",
      " [0.00001719 0.00001225 0.00000105 0.0002302  0.00056647 0.00089174\n",
      "  0.00000775 0.89826745 0.00043515 0.09957067]\n",
      " [0.00090846 0.958366   0.0168051  0.00815257 0.00102319 0.00137059\n",
